44585 39098 0.2
36046 16540 0.01282051282051282
51200 37912 0.0196078431372549
44850 39939 0.5
54033 3177 0.07692307692307693
16700 36619 0.047619047619047616
19082 19718 0.09090909090909091
39378 20391 0.013513513513513514
6778 52933 0.01639344262295082
54073 26107 0.029411764705882353
59121 50719 0.014925373134328358
58606 17493 0.07692307692307693
20512 16766 0.09090909090909091
9488 29881 0.045454545454545456
59528 27451 0.030303030303030304
34551 57451 0.02
6436 36102 0.010101010101010102
20470 59859 0.010752688172043012
47936 26336 0.038461538461538464
10370 35292 0.01282051282051282
56712 2068 0.2
17060 46317 0.045454545454545456
19055 38118 0.029411764705882353
34163 21475 0.018867924528301886
28774 24401 0.012048192771084338
17400 16948 0.0625
4124 6617 0.07692307692307693
26457 4617 0.25
36512 471 0.04
5509 45566 0.012195121951219513
58152 50574 0.038461538461538464
51440 30123 0.020833333333333332
58836 26009 0.037037037037037035
39070 12128 0.027777777777777776
15250 26425 0.25
32138 49736 0.018518518518518517
8222 44180 0.03225806451612903
14438 34817 0.038461538461538464
54487 30301 0.03225806451612903
18866 54911 0.05263157894736842
31206 1890 0.03333333333333333
19030 32774 0.1
54993 44279 0.09090909090909091
31561 35493 0.06666666666666667
8575 45248 0.0625
46020 7806 0.022727272727272728
32996 35261 0.021739130434782608
36895 30699 0.03571428571428571
23522 53436 0.3333333333333333
19351 47131 0.1111111111111111
14703 32480 0.015873015873015872
45619 46139 0.03125
51716 19023 0.05555555555555555
57433 10778 0.0625
49560 47913 0.034482758620689655
31160 29389 0.16666666666666666
30580 19592 0.0196078431372549
26736 31246 0.023809523809523808
5291 46322 0.017857142857142856
22166 1502 0.018518518518518517
51103 9792 0.029411764705882353
43617 12085 0.04
5620 3894 0.0625
10715 16920 0.05555555555555555
49677 22009 0.02564102564102564
41051 35014 0.047619047619047616
45276 7798 0.037037037037037035
37983 33083 0.015151515151515152
1466 28421 0.07142857142857142
43169 1715 0.010416666666666666
22611 3948 0.008064516129032258
10992 58448 0.04
18774 669 0.05555555555555555
53318 35852 0.038461538461538464
13386 56343 0.041666666666666664
39572 51684 0.03125
43700 13038 0.02857142857142857
1047 2041 0.05555555555555555
6882 39143 0.02702702702702703
19863 38867 0.034482758620689655
41388 23297 0.021739130434782608
6729 54205 0.05
16100 28545 0.023255813953488372
10195 7857 0.07692307692307693
52859 32787 0.0196078431372549
54549 20232 0.045454545454545456
9588 18397 0.043478260869565216
11249 43303 0.034482758620689655
58080 28490 0.043478260869565216
49846 48582 0.030303030303030304
40692 5381 0.038461538461538464
46068 35058 0.037037037037037035
11229 43300 1.0
20519 14982 0.0125
38316 34280 0.043478260869565216
25905 45394 0.047619047619047616
35179 7806 0.022727272727272728
13344 5684 0.03571428571428571
6995 54448 0.030303030303030304
22634 45805 0.07142857142857142
